-,-,-
-874, -284, -90
-922, -263, -104
-958, -281, -42
-1006, -255, -186
-948, -319, -49
-902, -363, 83
-868, -376, 65
-798, -418, 61
-827, -386, 155
-819, -347, 127
-799, -314, 91
-800, -280, 87
-780, -311, -2
-817, -246, -68
-879, -191, 50
-909, -131, 67
-909, -131, 67
-909, -105, 70
-899, -108, 98
-912, -102, 68
-977, -45, 120
-1001, -59, 239
-986, -104, 257
-950, -137, 137
-1009, -71, 142
-1071, -28, 330
-1057, -39, 290
-999, -83, 205
-999, -68, 246
-999, -68, 246
-1014, -71, 354
-1041, -50, 347
-1018, -47, 346
-934, -80, 228
-947, -35, 264
-1046, 66, 404
-1038, 59, 377
-983, 21, 247
-973, 26, 317
-973, 26, 317
-930, -17, 426
-981, 57, 489
-975, 79, 457
-953, 119, 327
-978, 175, 369
-1049, 286, 473
-1096, 400, 442
-1154, 525, 374
-1179, 567, 295
-1181, 579, 283
-1181, 579, 283
-1140, 555, 337
-1092, 540, 337
-1002, 493, 326
-888, 412, 270
-858, 393, 339
-812, 347, 359
-808, 343, 299
-808, 265, 270
-838, 223, 275
-888, 229, 434
-860, 170, 529
-860, 170, 529
-856, 130, 587
-881, 77, 548
-935, 77, 503
-940, 49, 567
-940, 46, 637
-913, -2, 622
-913, -2, 537
-926, -55, 537
-921, -97, 514
-888, -117, 551
-897, -102, 696
-889, -161, 729
-853, -216, 569
-867, -217, 537
-896, -194, 588
-905, -177, 616
-914, -194, 595
-895, -288, 562
-915, -279, 578
-916, -263, 616
-919, -281, 693
-,-,-
-1014, -107, 238
-977, -391, 391
-763, -424, -83
-781, -434, -281
-705, -542, -177
-615, -576, -45
-470, -720, 173
-454, -698, 163
-454, -698, 163
-481, -611, 42
-517, -526, 155
-500, -577, 258
-633, -365, 193
-738, -206, 159
-844, -150, 210
-1004, -82, 268
-1048, -54, 183
-1025, -33, 165
-1074, 2, 221
-1255, 163, 291
-1273, 139, 402
-1198, 54, 334
-1113, -66, 241
-1105, -107, 371
-1184, -39, 548
-1210, 2, 540
-1210, 2, 540
-1126, -20, 425
-1073, -65, 374
-1113, -27, 478
-1237, 127, 591
-1202, 127, 513
-1140, 117, 332
-1091, 94, 291
-1120, 131, 463
-1147, 170, 556
-1091, 187, 371
-1062, 200, 262
-1100, 242, 375
-1084, 234, 450
-1004, 182, 383
-951, 148, 268
-951, 148, 268
-980, 172, 287
-960, 140, 381
-921, 86, 428
-875, 26, 429
-881, 1, 361
-947, 42, 384
-947, 42, 384
-941, -7, 517
-911, -25, 499
-913, -51, 508
-918, -80, 443
-924, -94, 439
-936, -88, 514
-932, -123, 548
-943, -148, 508
-925, -175, 449
-925, -175, 449
-906, -188, 468
-925, -150, 514
-927, -188, 501
-914, -235, 450
-940, -213, 465
-968, -160, 573
-946, -213, 604
-906, -265, 461
-903, -249, 399
-924, -209, 440
-868, -256, 406
-817, -298, 278
-835, -291, 272
-890, -242, 296
-895, -251, 356
-881, -275, 360
-893, -274, 338
-919, -251, 321
-924, -250, 318
-927, -254, 344
-943, -258, 394
-943, -258, 394
-926, -313, 410
-928, -315, 428
-930, -299, 414
-947, -327, 557
-,-,-
-758, -296, 37
-664, -371, -63
-664, -371, -63
-735, -375, -98
-858, -302, 36
-841, -294, -13
-813, -323, -39
-822, -321, -29
-860, -288, -13
-871, -312, 16
-882, -298, 38
-882, -316, 53
-941, -262, 28
-955, -260, 68
-892, -304, 6
-892, -304, 6
-839, -321, -59
-862, -305, 17
-925, -224, 109
-917, -205, 84
-916, -200, 66
-970, -176, 103
-1020, -157, 100
-1037, -137, 136
-1078, -95, 178
-1071, -119, 216
-1036, -184, 162
-1051, -167, 144
-1099, -108, 263
-1059, -125, 253
-1022, -159, 174
-1039, -184, 263
-1035, -163, 245
-1021, -161, 271
-1017, -149, 288
-1048, -108, 325
-1064, -58, 336
-1052, -63, 361
-1036, -46, 338
-1047, 5, 307
-1052, 24, 308
-1067, 65, 281
-1067, 65, 281
-1083, 104, 263
-1088, 138, 233
-1089, 153, 242
-1092, 171, 248
-1102, 203, 290
-1065, 184, 288
-1035, 165, 269
-1011, 161, 233
-999, 147, 254
-1015, 144, 327
-986, 102, 318
-952, 53, 278
-953, 5, 297
-953, 5, 297
-942, -21, 309
-942, -30, 336
-928, -55, 382
-924, -45, 361
-962, -12, 337
-977, -20, 346
-981, -33, 372
-981, -33, 372
-970, -48, 398
-976, -59, 405
-982, -63, 408
-968, -77, 411
-965, -74, 413
-951, -80, 380
-947, -105, 371
-960, -112, 375
-964, -123, 410
-936, -153, 433
-938, -121, 440
-938, -121, 440
-954, -79, 437
-938, -78, 388
-939, -71, 346
-966, -51, 391
-991, -18, 413
-984, -18, 411
-944, -73, 413
-926, -95, 390
-947, -88, 415
-956, -92, 437
-956, -92, 437
-915, -123, 423
-881, -164, 406
-896, -167, 404
-913, -165, 393
-915, -172, 389
-898, -185, 387
-896, -210, 386
-903, -231, 401
-908, -239, 408
-920, -232, 426
-928, -236, 430
-907, -245, 393
-899, -249, 369
-929, -229, 419
-951, -215, 447
-955, -216, 471
-944, -227, 462
-943, -226, 458
-,-,-
-780, -384, 11
-768, -418, -62
-819, -385, 30
-776, -429, 53
-748, -450, 37
-745, -435, 44
-747, -448, 94
-759, -429, 110
-845, -283, 56
-845, -283, 56
-876, -278, 80
-868, -329, 102
-840, -412, 77
-870, -391, 105
-898, -343, 178
-903, -325, 187
-914, -306, 113
-932, -300, 99
-1010, -223, 204
-1039, -147, 246
-1002, -118, 189
-944, -207, 216
-898, -291, 197
-932, -245, 205
-1054, -108, 255
-1107, -38, 318
-1097, -44, 324
-1012, -123, 276
-1053, -66, 214
-1205, 91, 287
-1205, 91, 287
-1235, 115, 378
-1140, 45, 306
-1050, -25, 250
-1054, -7, 259
-1134, 86, 295
-1179, 137, 328
-1166, 156, 317
-1094, 117, 313
-1078, 122, 292
-1084, 118, 302
-1073, 60, 342
-1027, 2, 323
-994, -30, 314
-994, -30, 314
-987, -43, 356
-988, -40, 404
-991, -49, 424
-965, -81, 410
-950, -120, 369
-979, -127, 394
-1005, -101, 414
-984, -124, 436
-971, -162, 462
-960, -173, 429
-937, -193, 394
-923, -183, 373
-920, -189, 379
-904, -226, 397
-904, -226, 397
-916, -216, 372
-937, -207, 374
-958, -186, 399
-961, -190, 432
-958, -208, 421
-949, -217, 401
-951, -198, 395
-937, -211, 387
-917, -242, 368
-935, -231, 368
-944, -217, 362
-927, -232, 338
-917, -227, 309
-920, -202, 311
-937, -195, 333
-955, -186, 329
-959, -185, 324
-944, -198, 337
-931, -223, 353
-929, -228, 348
-921, -237, 344
-921, -237, 344
-921, -220, 339
-916, -229, 355
-914, -256, 373
-921, -262, 387
-941, -243, 392
-932, -251, 386
-906, -293, 369
-902, -320, 383
-894, -340, 386
-896, -338, 374
-897, -340, 392
-898, -354, 402
-880, -365, 368
-,-,-
-842, -283, 2
-812, -302, 53
-807, -308, -56
-813, -397, -41
-850, -394, -71
-842, -407, -184
-874, -353, -10
-814, -380, 127
-707, -438, 102
-636, -519, 94
-627, -493, 53
-645, -483, 27
-666, -470, 118
-704, -434, 193
-704, -434, 193
-713, -390, 141
-731, -350, 120
-858, -269, 197
-990, -171, 258
-1022, -139, 206
-1018, -150, 215
-1027, -201, 300
-1086, -157, 291
-1209, -49, 340
-1207, -6, 294
-1170, 0, 253
-1200, 51, 319
-1257, 111, 395
-1276, 129, 418
-1229, 92, 410
-1187, 70, 400
-1224, 116, 415
-1239, 154, 394
-1239, 154, 394
-1203, 153, 338
-1155, 152, 318
-1126, 155, 294
-1127, 180, 312
-1107, 178, 325
-1085, 188, 332
-1050, 179, 324
-1008, 138, 319
-991, 115, 303
-989, 104, 330
-968, 69, 337
-983, 36, 346
-1004, 2, 374
-1004, 2, 374
-976, -34, 375
-942, -58, 399
-916, -94, 396
-923, -132, 382
-934, -171, 372
-935, -186, 369
-922, -181, 352
-940, -192, 357
-962, -211, 371
-948, -223, 364
-956, -194, 358
-957, -220, 412
-949, -247, 437
-949, -247, 437
-937, -269, 420
-944, -258, 407
-958, -217, 381
-942, -240, 357
-929, -242, 318
-920, -264, 334
-939, -222, 330
-977, -196, 346
-966, -217, 342
-920, -261, 320
-910, -273, 339
-933, -257, 358
-954, -243, 363
-932, -251, 320
-912, -277, 307
-929, -273, 337
-942, -259, 348
-948, -238, 326
-916, -266, 317
-905, -284, 337
-915, -281, 355
-915, -281, 355
-923, -272, 337
-909, -282, 329
-898, -291, 325
-899, -297, 333
-908, -287, 328
-916, -277, 326
-915, -279, 328
-909, -280, 318
-910, -279, 317
-903, -288, 295
-913, -286, 306
-933, -282, 373
-945, -292, 396
-919, -295, 382
-,-,-
-821, -280, -131
-884, -328, 6
-897, -385, 85
-878, -340, 47
-878, -340, 47
-787, -361, 10
-746, -402, 153
-687, -535, 232
-623, -655, 245
-579, -665, 189
-605, -560, 89
-721, -491, 173
-757, -496, 222
-825, -372, 183
-996, -162, 180
-1088, -55, 175
-1087, -78, 170
-1038, -150, 186
-994, -153, 179
-1076, -34, 191
-1077, -56, 236
-1025, -136, 256
-955, -219, 205
-955, -219, 205
-1012, -149, 213
-1174, 53, 310
-1225, 92, 403
-1112, -3, 280
-1044, -90, 258
-1142, 33, 281
-1266, 200, 343
-1272, 207, 409
-1177, 159, 292
-1160, 176, 268
-1225, 276, 299
-1256, 342, 319
-1215, 325, 323
-1150, 302, 291
-1096, 257, 282
-1045, 203, 273
-1002, 155, 290
-974, 104, 327
-974, 104, 327
-970, 72, 329
-960, 24, 330
-960, -2, 347
-954, -25, 401
-943, -16, 425
-925, -42, 412
-918, -84, 366
-918, -84, 366
-936, -92, 365
-947, -73, 409
-940, -88, 457
-923, -137, 427
-911, -171, 396
-922, -170, 424
-918, -161, 450
-922, -184, 466
-926, -248, 473
-913, -297, 427
-919, -290, 384
-915, -289, 378
-925, -302, 419
-936, -291, 416
-940, -303, 415
-940, -303, 415
-941, -294, 397
-939, -261, 382
-950, -226, 371
-923, -276, 371
-913, -299, 374
-918, -295, 405
-908, -299, 394
-879, -328, 363
-872, -365, 381
-868, -405, 423
-868, -421, 448
-861, -445, 426
-864, -453, 400
-868, -443, 393
-,-,-
-721, -371, -58
-791, -339, -121
-835, -378, 1
-835, -378, 1
-866, -409, 145
-848, -413, 103
-802, -367, 13
-776, -442, 54
-789, -447, 118
-855, -404, 188
-913, -323, 209
-966, -264, 255
-960, -285, 217
-981, -256, 141
-1000, -211, 82
-1024, -170, 63
-984, -161, 48
-948, -163, 102
-948, -163, 102
-939, -173, 190
-965, -143, 235
-1047, -7, 216
-1063, 58, 178
-1023, 42, 166
-1001, -23, 218
-1053, -4, 248
-1137, 106, 267
-1163, 151, 270
-1150, 171, 243
-1151, 151, 214
-1218, 228, 233
-1259, 303, 298
-1252, 332, 335
-1216, 322, 335
-1178, 330, 290
-1178, 330, 290
-1151, 348, 288
-1108, 351, 276
-1037, 337, 275
-993, 284, 275
-958, 244, 243
-952, 228, 229
-947, 213, 222
-951, 174, 222
-960, 105, 268
-962, 40, 333
-982, 9, 454
-982, 9, 454
-1005, -3, 476
-1003, -21, 424
-977, -57, 386
-962, -90, 416
-961, -75, 421
-971, -80, 423
-941, -123, 399
-896, -159, 403
-896, -159, 403
-876, -177, 413
-891, -177, 391
-911, -180, 414
-917, -198, 484
-856, -255, 455
-874, -255, 422
-933, -259, 452
-944, -307, 472
-935, -357, 531
-935, -358, 560
-941, -336, 502
-945, -340, 469
-928, -362, 478
-903, -382, 484
-894, -387, 514
-884, -406, 503
-848, -443, 445
-,-,-
-889, -363, 52
-757, -478, -153
-817, -461, -35
-838, -462, 137
-740, -587, 122
-667, -661, 141
-667, -661, 141
-596, -700, 148
-622, -637, 173
-758, -484, 202
-842, -351, 163
-853, -329, 187
-797, -388, 169
-832, -353, 178
-956, -198, 175
-1011, -118, 156
-947, -174, 138
-861, -265, 166
-891, -196, 203
-937, -119, 270
-891, -132, 288
-864, -190, 320
-907, -129, 281
-1113, 119, 249
-1236, 241, 317
-1206, 207, 331
-1118, 135, 259
-1188, 233, 256
-1315, 369, 326
-1315, 369, 326
-1331, 395, 344
-1227, 312, 317
-1151, 243, 324
-1128, 227, 333
-1109, 232, 316
-1081, 234, 291
-1060, 231, 301
-1055, 253, 302
-1059, 284, 273
-1060, 292, 266
-1033, 276, 274
-1002, 234, 327
-967, 223, 315
-962, 206, 284
-956, 173, 307
-972, 137, 396
-972, 137, 396
-970, 125, 385
-982, 127, 347
-976, 112, 344
-937, 75, 319
-942, 56, 314
-960, 33, 325
-944, 28, 326
-944, 28, 326
-936, 11, 358
-957, 42, 392
-967, 30, 350
-968, 37, 257
-976, 43, 301
-1008, 52, 366
-1008, 52, 366
-1015, 9, 376
-1009, -17, 390
-981, -49, 409
-951, -73, 413
-962, -89, 421
-957, -130, 411
-957, -139, 406
-948, -182, 436
-900, -263, 462
-875, -321, 482
-859, -386, 510
-850, -419, 493
-850, -419, 493
-856, -439, 487
-859, -438, 487
-846, -457, 461
-,-,-
-955, -294, 104
-800, -402, -2
-784, -448, -60
-784, -448, -60
-844, -411, 180
-828, -469, 350
-727, -494, 273
-592, -574, 230
-619, -568, 277
-682, -480, 292
-771, -371, 272
-819, -324, 241
-809, -347, 207
-874, -267, 226
-985, -118, 281
-1054, -62, 383
-1042, -23, 366
-1028, 52, 300
-1028, 97, 261
-1071, 148, 292
-1092, 185, 345
-1086, 217, 370
-1093, 281, 349
-1093, 281, 349
-1103, 288, 346
-1107, 261, 330
-1099, 294, 269
-1107, 338, 289
-1079, 317, 328
-1097, 362, 340
-1175, 471, 383
-1206, 522, 382
-1198, 559, 336
-1158, 550, 301
-1125, 517, 243
-1108, 512, 257
-1106, 505, 349
-1026, 450, 369
-925, 387, 339
-896, 385, 323
-890, 424, 263
-890, 424, 263
-871, 382, 192
-825, 279, 194
-870, 209, 300
-940, 123, 437
-970, 93, 431
-990, 67, 425
-1002, -3, 473
-1012, -77, 492
-1054, -119, 536
-1082, -119, 589
-1062, -143, 591
-1046, -201, 529
-1015, -238, 474
-977, -264, 453
-922, -280, 438
-922, -280, 438
-858, -329, 399
-839, -365, 408
-848, -369, 470
-842, -360, 467
-806, -409, 456
-822, -446, 493
-849, -452, 496
-844, -467, 463
-,-,-
-866, -302, 146
-696, -433, -3
-620, -492, -130
-696, -446, 25
-890, -306, 281
-823, -382, 347
-580, -587, 219
-462, -735, 216
-637, -636, 392
-843, -400, 578
-782, -414, 461
-733, -368, 356
-659, -502, 272
-819, -314, 290
-1040, -67, 498
-1050, -14, 453
-950, -71, 319
-950, -71, 319
-846, -160, 273
-929, -101, 374
-1111, 79, 516
-1160, 118, 560
-1078, 58, 448
-993, -25, 364
-1058, 31, 352
-1252, 250, 470
-1305, 332, 511
-1189, 268, 405
-1076, 187, 368
-1167, 249, 454
-1272, 371, 540
-1257, 395, 531
-1170, 354, 451
-1170, 354, 451
-1132, 353, 401
-1135, 373, 404
-1135, 412, 410
-1078, 355, 403
-1000, 288, 360
-957, 246, 348
-956, 244, 381
-947, 231, 397
-916, 155, 402
-906, 129, 393
-886, 93, 406
-896, 43, 452
-896, 43, 452
-922, 25, 449
-920, -18, 412
-917, -46, 398
-921, -51, 418
-939, -67, 482
-951, -91, 486
-944, -142, 456
-919, -190, 419
-919, -190, 419
-918, -203, 450
-931, -213, 481
-954, -218, 466
-950, -255, 480
-917, -296, 483
-891, -323, 459
-881, -334, 447
-867, -317, 410
-865, -300, 391
-896, -268, 444
-859, -284, 409
-834, -310, 377
-875, -308, 434
-902, -285, 450
-911, -297, 536
